3.175
4.025
2.624
2.919
2.542
4.583
3.831
5.234
4.301
3.934
4.134
3.651
2.495
2.365
1.951
3.454
0.120
2.956
1.199
2.554
0.744
3.442
3.044
3.369
2.972
2.304
2.411
1.740
2.520
3.902
2.458
2.500
3.023
2.575
3.237
2.684
1.888
2.117
3.055
3.803
4.970
3.074
2.442
2.359
1.493
3.027
1.935
1.542
3.413
3.398
3.039
3.217
3.197
2.365
5.459
2.801
4.501
2.881
1.020
3.363
3.576
2.481
2.601
4.849
2.647
2.770
3.656
3.500
1.988
1.995
1.573
3.219
4.122
5.108
3.881
1.124
3.251
6.310
3.403
3.674
0.255
2.216
2.643
2.520
4.774
1.268
3.138
3.537
3.611
3.050
2.047
3.478
2.903
2.478
1.315
2.248
2.111
2.621
0.733
1.911
